0	-37.52076775
0.01	-37.35754161
0.02	-37.19854872
0.03	-37.0435806
0.04	-36.89244399
0.05	-36.74495937
0.06	-36.60095971
0.07	-36.46028931
0.08	-36.3228028
0.09	-36.18836421
0.1	-36.0568462
0.11	-35.92812933
0.12	-35.80210141
0.13	-35.6786569
0.14	-35.55769645
0.15	-35.43912634
0.16	-35.32285815
0.17	-35.20880826
0.18	-35.09689762
0.19	-34.98705132
0.2	-34.87919837
0.21	-34.77327139
0.22	-34.6692064
0.23	-34.56694256
0.24	-34.46642199
0.25	-34.36758959
0.26	-34.27039281
0.27	-34.17478156
0.28	-34.08070802
0.29	-33.98812651
0.3	-33.89699336
0.31	-33.8072668
0.32	-33.71890687
0.33	-33.63187526
0.34	-33.54613528
0.35	-33.46165174
0.36	-33.37839086
0.37	-33.29632024
0.38	-33.21540871
0.39	-33.13562634
0.4	-33.05694436
0.41	-32.97933505
0.42	-32.90277175
0.43	-32.82722878
0.44	-32.7526814
0.45	-32.67910574
0.46	-32.60647881
0.47	-32.5347784
0.48	-32.46398309
0.49	-32.39407217
0.5	-32.32502566
0.51	-32.25682423
0.52	-32.1894492
0.53	-32.12288251
0.54	-32.05710666
0.55	-31.99210473
0.56	-31.92786033
0.57	-31.8643576
0.58	-31.80158115
0.59	-31.73951607
0.6	-31.6781479
0.61	-31.61746263
0.62	-31.55744666
0.63	-31.49808677
0.64	-31.43937017
0.65	-31.38128439
0.66	-31.32381736
0.67	-31.26695732
0.68	-31.21069285
0.69	-31.15501287
0.7	-31.09990658
0.71	-31.04536347
0.72	-30.99137334
0.73	-30.93792624
0.74	-30.8850125
0.75	-30.8326227
0.76	-30.78074766
0.77	-30.72937844
0.78	-30.67850634
0.79	-30.62812287
0.8	-30.57821975
0.81	-30.52878891
0.82	-30.47982251
0.83	-30.43131284
0.84	-30.38325245
0.85	-30.33563401
0.86	-30.2884504
0.87	-30.24169466
0.88	-30.19536
0.89	-30.14943977
0.9	-30.10392751
0.91	-30.05881686
0.92	-30.01410165
0.93	-29.96977584
0.94	-29.9258335
0.95	-29.88226886
0.96	-29.83907627
0.97	-29.79625021
0.98	-29.75378527
0.99	-29.71167616
1	-29.66991772
1.01	-29.62850487
1.02	-29.58743266
1.03	-29.54669625
1.04	-29.50629088
1.05	-29.4662119
1.06	-29.42645476
1.07	-29.38701501
1.08	-29.34788826
1.09	-29.30907025
1.1	-29.27055677
1.11	-29.23234371
1.12	-29.19442705
1.13	-29.15680283
1.14	-29.11946719
1.15	-29.08241632
1.16	-29.0456465
1.17	-29.00915409
1.18	-28.97293548
1.19	-28.93698718
1.2	-28.90130574
1.21	-28.86588776
1.22	-28.83072993
1.23	-28.795829
1.24	-28.76118175
1.25	-28.72678505
1.26	-28.69263582
1.27	-28.65873103
1.28	-28.6250677
1.29	-28.59164291
1.3	-28.55845379
1.31	-28.52549754
1.32	-28.49277136
1.33	-28.46027256
1.34	-28.42799844
1.35	-28.39594639
1.36	-28.36411382
1.37	-28.3324982
1.38	-28.30109702
1.39	-28.26990784
1.4	-28.23892824
1.41	-28.20815585
1.42	-28.17758834
1.43	-28.14722341
1.44	-28.11705881
1.45	-28.08709231
1.46	-28.05732174
1.47	-28.02774493
1.48	-27.99835979
1.49	-27.96916422
1.5	-27.94015619
1.51	-27.91133366
1.52	-27.88269467
1.53	-27.85423726
1.54	-27.82595951
1.55	-27.79785952
1.56	-27.76993543
1.57	-27.7421854
1.58	-27.71460764
1.59	-27.68720035
1.6	-27.65996179
1.61	-27.63289023
1.62	-27.60598397
1.63	-27.57924134
1.64	-27.55266067
1.65	-27.52624036
1.66	-27.49997879
1.67	-27.47387438
1.68	-27.44792559
1.69	-27.42213087
1.7	-27.39648871
1.71	-27.37099763
1.72	-27.34565616
1.73	-27.32046284
1.74	-27.29541625
1.75	-27.27051498
1.76	-27.24575765
1.77	-27.22114289
1.78	-27.19666933
1.79	-27.17233567
1.8	-27.14814058
1.81	-27.12408276
1.82	-27.10016094
1.83	-27.07637387
1.84	-27.05272029
1.85	-27.02919899
1.86	-27.00580874
1.87	-26.98254836
1.88	-26.95941667
1.89	-26.93641251
1.9	-26.91353473
1.91	-26.8907822
1.92	-26.8681538
1.93	-26.84564842
1.94	-26.82326499
1.95	-26.80100241
1.96	-26.77885965
1.97	-26.75683563
1.98	-26.73492934
1.99	-26.71313975
2	-26.69146586
2.01	-26.66990666
2.02	-26.64846117
2.03	-26.62712843
2.04	-26.60590747
2.05	-26.58479735
2.06	-26.56379714
2.07	-26.5429059
2.08	-26.52212273
2.09	-26.50144672
2.1	-26.48087698
2.11	-26.46041264
2.12	-26.44005283
2.13	-26.41979668
2.14	-26.39964334
2.15	-26.37959199
2.16	-26.35964178
2.17	-26.33979191
2.18	-26.32004155
2.19	-26.30038992
2.2	-26.28083622
2.21	-26.26137967
2.22	-26.2420195
2.23	-26.22275494
2.24	-26.20358524
2.25	-26.18450965
2.26	-26.16552744
2.27	-26.14663787
2.28	-26.12784023
2.29	-26.1091338
2.3	-26.09051788
2.31	-26.07199177
2.32	-26.05355477
2.33	-26.03520622
2.34	-26.01694544
2.35	-25.99877175
2.36	-25.98068451
2.37	-25.96268305
2.38	-25.94476673
2.39	-25.92693492
2.4	-25.90918698
2.41	-25.89152229
2.42	-25.87394023
2.43	-25.8564402
2.44	-25.83902158
2.45	-25.82168378
2.46	-25.8044262
2.47	-25.78724827
2.48	-25.7701494
2.49	-25.75312902
2.5	-25.73618656
2.51	-25.71932146
2.52	-25.70253317
2.53	-25.68582113
2.54	-25.66918481
2.55	-25.65262366
2.56	-25.63613715
2.57	-25.61972475
2.58	-25.60338594
2.59	-25.58712021
2.6	-25.57092705
2.61	-25.55480594
2.62	-25.53875638
2.63	-25.52277789
2.64	-25.50686996
2.65	-25.49103212
2.66	-25.47526387
2.67	-25.45956476
2.68	-25.44393429
2.69	-25.428372
2.7	-25.41287744
2.71	-25.39745014
2.72	-25.38208965
2.73	-25.36679552
2.74	-25.35156731
2.75	-25.33640457
2.76	-25.32130686
2.77	-25.30627376
2.78	-25.29130484
2.79	-25.27639968
2.8	-25.26155784
2.81	-25.24677892
2.82	-25.23206251
2.83	-25.21740819
2.84	-25.20281557
2.85	-25.18828423
2.86	-25.17381379
2.87	-25.15940385
2.88	-25.14505403
2.89	-25.13076393
2.9	-25.11653317
2.91	-25.10236137
2.92	-25.08824817
2.93	-25.07419318
2.94	-25.06019604
2.95	-25.04625638
2.96	-25.03237385
2.97	-25.01854807
2.98	-25.0047787
2.99	-24.99106539
3	-24.97740779
3.01	-24.96380554
3.02	-24.95025831
3.03	-24.93676576
3.04	-24.92332755
3.05	-24.90994334
3.06	-24.89661281
3.07	-24.88333563
3.08	-24.87011147
3.09	-24.85694001
3.1	-24.84382093
3.11	-24.83075392
3.12	-24.81773866
3.13	-24.80477483
3.14	-24.79186214
3.15	-24.77900027
3.16	-24.76618892
3.17	-24.75342779
3.18	-24.74071659
3.19	-24.72805501
3.2	-24.71544277
3.21	-24.70287957
3.22	-24.69036513
3.23	-24.67789915
3.24	-24.66548137
3.25	-24.65311149
3.26	-24.64078923
3.27	-24.62851433
3.28	-24.6162865
3.29	-24.60410548
3.3	-24.59197099
3.31	-24.57988277
3.32	-24.56784056
3.33	-24.55584408
3.34	-24.54389309
3.35	-24.53198732
3.36	-24.52012651
3.37	-24.50831041
3.38	-24.49653877
3.39	-24.48481134
3.4	-24.47312787
3.41	-24.46148811
3.42	-24.44989182
3.43	-24.43833875
3.44	-24.42682867
3.45	-24.41536134
3.46	-24.40393653
3.47	-24.39255398
3.48	-24.38121348
3.49	-24.36991479
3.5	-24.35865769
3.51	-24.34744194
3.52	-24.33626732
3.53	-24.32513361
3.54	-24.31404058
3.55	-24.30298801
3.56	-24.29197569
3.57	-24.2810034
3.58	-24.27007091
3.59	-24.25917803
3.6	-24.24832453
3.61	-24.23751021
3.62	-24.22673486
3.63	-24.21599826
3.64	-24.20530022
3.65	-24.19464053
3.66	-24.18401899
3.67	-24.17343539
3.68	-24.16288954
3.69	-24.15238124
3.7	-24.14191029
3.71	-24.13147649
3.72	-24.12107966
3.73	-24.1107196
3.74	-24.10039612
3.75	-24.09010904
3.76	-24.07985815
3.77	-24.06964328
3.78	-24.05946424
3.79	-24.04932085
3.8	-24.03921293
3.81	-24.02914028
3.82	-24.01910274
3.83	-24.00910013
3.84	-23.99913226
3.85	-23.98919897
3.86	-23.97930007
3.87	-23.9694354
3.88	-23.95960478
3.89	-23.94980803
3.9	-23.940045
3.91	-23.93031551
3.92	-23.9206194
3.93	-23.91095649
3.94	-23.90132663
3.95	-23.89172965
3.96	-23.88216538
3.97	-23.87263367
3.98	-23.86313436
3.99	-23.85366728
4	-23.84423228
4.01	-23.8348292
4.02	-23.82545789
4.03	-23.81611818
4.04	-23.80680994
4.05	-23.79753299
4.06	-23.7882872
4.07	-23.77907241
4.08	-23.76988847
4.09	-23.76073524
4.1	-23.75161256
4.11	-23.74252029
4.12	-23.73345828
4.13	-23.72442639
4.14	-23.71542448
4.15	-23.7064524
4.16	-23.69751001
4.17	-23.68859718
4.18	-23.67971375
4.19	-23.6708596
4.2	-23.66203458
4.21	-23.65323855
4.22	-23.64447139
4.23	-23.63573296
4.24	-23.62702312
4.25	-23.61834174
4.26	-23.60968868
4.27	-23.60106382
4.28	-23.59246702
4.29	-23.58389816
4.3	-23.5753571
4.31	-23.56684372
4.32	-23.55835789
4.33	-23.54989949
4.34	-23.54146838
4.35	-23.53306444
4.36	-23.52468756
4.37	-23.5163376
4.38	-23.50801444
4.39	-23.49971797
4.4	-23.49144806
4.41	-23.48320458
4.42	-23.47498743
4.43	-23.46679649
4.44	-23.45863162
4.45	-23.45049273
4.46	-23.44237969
4.47	-23.43429239
4.48	-23.42623071
4.49	-23.41819453
4.5	-23.41018375
4.509673182	-23.40245885
